
image: /scenario-simulation/square_near_unisee.pgm
resolution: 0.5
origin: [8.833517333333333, 53.10896916666667, 0.0]
negate: 0
occupied_thresh: 0.65
free_thresh: 0.196
    